-0.268556 -0.183638 -0.383199 -0.395962 -0.311043 -0.379 -0.421432 -0.48088 3.20901 -0.408669 -0.17093 0.831185 -0.438394 -0.438394 -0.45541 -0.391707 -0.268556 3.20901 -0.200654 -0.438394 -0.268556 -0.158168 -0.421432 -0.366237
-0.31341 -0.309668 -0.33959 -0.264784 -0.320891 -0.343333 3.31472 -0.33959 3.31472 -0.249823 -0.30593 -0.238604 -0.350813 -0.302187 -0.253565 -0.33211 -0.309668 -0.264784 -0.276007 -0.31341 -0.302187 -0.238604 -0.309668 -0.350813
-0.280109 -0.230386 -0.364641 -0.140889 -0.300006 -0.250273 -0.280109 -0.30497 4.52321 -0.215473 -0.290057 1.35083 -0.359667 -0.324868 -0.125966 -0.280109 -0.155802 -0.170714 -0.180663 -0.414364 -0.314919 -0.190612 -0.280109 -0.419338
-0.252645 -0.35155 -0.328729 -0.19939 -0.362965 -0.35536 3.31169 -0.321124 3.31169 -0.260257 -0.332531 -0.264059 -0.321124 -0.302097 -0.180371 -0.340143 -0.35536 -0.302097 -0.336333 -0.317314 -0.343946 -0.15755 -0.324927 -0.313512
-0.286615 -0.227206 2.10845 -0.00521035 -0.505483 -0.471091 2.10845 -0.25535 2.10845 -0.461713 -0.54926 1.98338 -0.733735 -0.68371 1.16105 -0.477346 -0.633684 -0.474218 -0.639933 -0.608668 -0.467963 -0.755623 -0.614924 -0.618045
-0.260012 0.250432 -0.247216 0.071753 -0.336589 -0.898017 -0.260012 -0.846966 0.0845492 -0.400369 -0.22169 4.44862 -0.272742 -0.260012 0.224906 -0.898017 0.556672 0.50562 0.186651 -0.247216 -0.260012 -0.132385 -0.260012 -0.52793
-0.342845 -0.506798 -0.388597 -0.464866 -0.361901 -0.43435 -0.400035 -0.224645 3.08877 -0.449608 -0.361901 1.10606 -0.541112 -0.49918 -0.209387 -0.445788 -0.13314 0.568445 3.08877 -0.49154 -0.342845 -0.49918 -0.567808 -0.18651
-0.136067 0.030901 -0.323204 -0.229686 -0.169481 -0.176204 -0.276445 -0.309758 4.70049 -0.256377 -0.0492719 0.358215 -0.48345 -0.476827 -0.343172 -0.169481 0.184524 -0.156136 -0.162858 -0.490173 -0.0492719 -0.229686 -0.356518 -0.430068
0.00608066 -0.522463 -0.449562 0.479939 -0.0850479 -0.0303762 0.0364523 0.400953 -0.540677 0.0971957 -0.121505 4.53202 -0.498162 -0.243005 0.41311 -4.51758e-06 -0.650034 -0.479934 -0.564977 -0.413105 -0.0243046 -0.607506 -0.431334 -0.303748
-1.05315 -0.0486954 -0.72439 -0.444349 -0.389636 -0.255657 -0.176584 -0.304377 3.97521 -0.176584 0.0426538 1.601 -0.949621 -0.870549 -0.103505 -0.0730552 0.170446 0.760978 0.590459 -0.767019 -0.261747 -0.328736 -0.164404 -0.0486954
-0.202163 -0.216987 -0.207507 -0.210986 -0.207205 -0.196769 -0.215525 -0.216028 4.79567 -0.217037 -0.203271 -0.211138 -0.216231 -0.219457 -0.202112 -0.208063 -0.211441 -0.187944 -0.197877 -0.219306 -0.199792 -0.215222 -0.197474 -0.21613
0.917827 -0.26327 -0.753768 -0.639361 -0.698899 2.13486 -0.80819 -0.198936 -0.849821 -0.78504 0.760765 0.313753 -0.517792 -0.83134 0.00679205 -0.565051 -0.102499 2.95784 0.431102 -0.922661 0.76505 -0.823346 1.21251 -0.74053
1.35358 -1.03555 0.148284 -1.26968 -0.192184 1.61601 -0.716545 -0.773615 -0.610209 -0.794589 1.5165 0.0487777 -0.326811 -1.13506 -0.270229 0.545335 -0.532165 0.992139 0.332664 -1.1136 2.06232 -0.929216 1.61601 -0.532165
-0.17574 -0.669116 -0.583463 0.012705 -0.192871 -0.134623 2.6749 0.17374 -0.494378 -0.288802 -0.134623 2.33227 -0.617724 -0.494378 -0.0112766 -0.168884 -0.682823 2.6749 -0.662264 -0.576607 -0.196294 -0.665692 -0.562905 -0.556054
-0.252875 -0.891533 0.0364582 0.749214 -0.679827 -0.65159 2.41114 -0.22465 2.41114 -0.252875 -0.711582 2.27 -0.496335 -0.0517462 0.978568 -0.658649 -0.870367 -0.22818 -0.8386 -0.291689 -0.665709 -0.718641 -0.295218 -0.0764537
-0.313053 -0.178619 -0.297532 0.048907 -0.33891 -0.318221 -0.297532 -0.276861 4.75954 -0.0803592 -0.282029 -0.0286638 -0.276861 -0.19929 0.00754701 -0.33891 -0.142408 0.0230501 -0.0751915 -0.266507 -0.323389 -0.230315 -0.230315 -0.344078
-0.270758 -0.391441 -0.35764 0.356821 -0.319019 -0.304528 -0.36246 -0.299708 -0.241776 -0.0921113 -0.304528 2.64023 -0.492814 -0.203155 3.79883 -0.36246 -0.574877 -0.164534 -0.521764 -0.241776 -0.304528 -0.280398 -0.444522 -0.261087
-0.509689 -0.513608 -0.41963 0.406585 -0.501864 -0.474457 -0.474457 -0.388304 3.28461 -0.192525 -0.4627 2.89304 -0.509689 -0.176862 1.15057 -0.454875 -0.329572 -0.368722 -0.450956 -0.204269 -0.497945 -0.0163138 -0.360898 -0.427469
-0.370282 -0.351638 -0.366261 -0.217478 -0.381249 -0.378324 -0.379055 -0.380883 3.27362 -0.243067 -0.380883 0.400319 -0.364433 -0.205414 -0.366992 -0.37869 -0.365895 3.27362 -0.365895 -0.24197 -0.381614 -0.136324 -0.330801 -0.360412
-1.03117 1.56689 1.56689 -0.302092 -0.822866 -0.979092 1.56689 -0.796834 1.56689 1.56689 -0.97042 0.901468 -0.770786 -0.195046 1.56689 -1.05143 -0.736065 -0.29342 -0.571168 -0.166112 -1.06589 0.105832 -0.388893 -0.267372
-0.408166 -0.359169 -0.319957 -0.0504265 -0.457163 -0.398357 -0.437569 -0.368955 4.26195 0.0328779 -0.462068 1.76272 -0.378763 -0.0406413 0.478827 -0.447378 -0.359169 -0.27096 -0.319957 -0.0651398 -0.442474 -0.158229 -0.383668 -0.408166
-0.0268667 -0.960566 -0.702515 1.96206 -0.216701 -0.25463 -0.489942 -0.155939 -0.14839 1.55965 0.109754 3.4195 -1.12766 -0.634205 0.185706 -0.0116763 -0.18632 0.307137 -0.0951771 -0.816397 -0.0116763 -1.13521 0.0566341 -0.626563
